[gd_scene load_steps=22 format=3 uid="uid://var64sd7lpfi"]

[ext_resource type="Script" path="res://Prototyping/TestEnemy/TestEnemy.gd" id="1_wlui3"]
[ext_resource type="Script" path="res://Scripts/Components/Hitbox.gd" id="2_8n4xo"]
[ext_resource type="Script" path="res://Scripts/Components/PhysicsInterpolator3D.gd" id="2_pyuek"]
[ext_resource type="PackedScene" uid="uid://lyhl4aumierc" path="res://Assets/Models/Robot/Robot.tscn" id="4_5otkf"]
[ext_resource type="Script" path="res://Scripts/Components/Health.gd" id="4_t8nrh"]
[ext_resource type="Script" path="res://Scripts/Components/OvershieldController.gd" id="5_ldvlv"]
[ext_resource type="Script" path="res://Scripts/Components/OvershieldHealth.gd" id="7_8yikt"]

[sub_resource type="CapsuleShape3D" id="CapsuleShape3D_pqss1"]

[sub_resource type="BoxShape3D" id="BoxShape3D_1oj5o"]
size = Vector3(0.374084, 1.81581, 0.271759)

[sub_resource type="Animation" id="Animation_06qja"]
resource_name = "HitOvershield"
length = 0.3
tracks/0/type = "value"
tracks/0/imported = false
tracks/0/enabled = true
tracks/0/path = NodePath("OvershieldMaterialController:flashStrength")
tracks/0/interp = 1
tracks/0/loop_wrap = true
tracks/0/keys = {
"times": PackedFloat32Array(0, 0.3),
"transitions": PackedFloat32Array(1, 1),
"update": 0,
"values": [3.0, 1.0]
}

[sub_resource type="Animation" id="Animation_dna7g"]
length = 0.001
tracks/0/type = "value"
tracks/0/imported = false
tracks/0/enabled = true
tracks/0/path = NodePath("OvershieldMaterialController:colorShift")
tracks/0/interp = 1
tracks/0/loop_wrap = true
tracks/0/keys = {
"times": PackedFloat32Array(0),
"transitions": PackedFloat32Array(1),
"update": 0,
"values": [1.0]
}
tracks/1/type = "value"
tracks/1/imported = false
tracks/1/enabled = true
tracks/1/path = NodePath("OvershieldMaterialController:shieldStrength")
tracks/1/interp = 1
tracks/1/loop_wrap = true
tracks/1/keys = {
"times": PackedFloat32Array(0),
"transitions": PackedFloat32Array(1),
"update": 0,
"values": [1.0]
}
tracks/2/type = "value"
tracks/2/imported = false
tracks/2/enabled = true
tracks/2/path = NodePath("OvershieldMaterialController:flashStrength")
tracks/2/interp = 1
tracks/2/loop_wrap = true
tracks/2/keys = {
"times": PackedFloat32Array(0),
"transitions": PackedFloat32Array(1),
"update": 0,
"values": [1.0]
}

[sub_resource type="Animation" id="Animation_tbjq3"]
resource_name = "ShieldBreak"
length = 0.5
tracks/0/type = "value"
tracks/0/imported = false
tracks/0/enabled = true
tracks/0/path = NodePath("OvershieldMaterialController:shieldStrength")
tracks/0/interp = 2
tracks/0/loop_wrap = true
tracks/0/keys = {
"times": PackedFloat32Array(0, 0.133333, 0.233333, 0.5),
"transitions": PackedFloat32Array(1, 1, 1, 1),
"update": 0,
"values": [1.0, 0.7, 0.9, 0.0]
}
tracks/1/type = "value"
tracks/1/imported = false
tracks/1/enabled = true
tracks/1/path = NodePath("OvershieldMaterialController:flashStrength")
tracks/1/interp = 2
tracks/1/loop_wrap = true
tracks/1/keys = {
"times": PackedFloat32Array(0.133333, 0.233333, 0.5),
"transitions": PackedFloat32Array(1, 1, 1),
"update": 0,
"values": [1.0, 3.0, 0.0]
}

[sub_resource type="Animation" id="Animation_oadfm"]
resource_name = "ShieldReset"
length = 0.5
tracks/0/type = "value"
tracks/0/imported = false
tracks/0/enabled = true
tracks/0/path = NodePath("OvershieldMaterialController:shieldStrength")
tracks/0/interp = 1
tracks/0/loop_wrap = true
tracks/0/keys = {
"times": PackedFloat32Array(0, 0.5),
"transitions": PackedFloat32Array(1, 1),
"update": 0,
"values": [0.0, 1.0]
}
tracks/1/type = "value"
tracks/1/imported = false
tracks/1/enabled = true
tracks/1/path = NodePath("OvershieldMaterialController:flashStrength")
tracks/1/interp = 1
tracks/1/loop_wrap = true
tracks/1/keys = {
"times": PackedFloat32Array(0, 0.5),
"transitions": PackedFloat32Array(1, 55.7152),
"update": 0,
"values": [0.0, 1.0]
}

[sub_resource type="AnimationLibrary" id="AnimationLibrary_rraee"]
_data = {
"HitOvershield": SubResource("Animation_06qja"),
"RESET": SubResource("Animation_dna7g"),
"ShieldBreak": SubResource("Animation_tbjq3"),
"ShieldReset": SubResource("Animation_oadfm")
}

[sub_resource type="AnimationNodeAnimation" id="AnimationNodeAnimation_rc1q5"]
animation = &"walk_backward"

[sub_resource type="AnimationNodeAnimation" id="AnimationNodeAnimation_n6awn"]
animation = &"walk_forward"

[sub_resource type="AnimationNodeAnimation" id="AnimationNodeAnimation_ero21"]
animation = &"walk_right"

[sub_resource type="AnimationNodeAnimation" id="AnimationNodeAnimation_c2xkp"]
animation = &"walk_left"

[sub_resource type="AnimationNodeAnimation" id="AnimationNodeAnimation_ciahj"]
animation = &"default"

[sub_resource type="AnimationNodeBlendSpace2D" id="AnimationNodeBlendSpace2D_tbqon"]
blend_point_0/node = SubResource("AnimationNodeAnimation_rc1q5")
blend_point_0/pos = Vector2(0, 1)
blend_point_1/node = SubResource("AnimationNodeAnimation_n6awn")
blend_point_1/pos = Vector2(0, -1)
blend_point_2/node = SubResource("AnimationNodeAnimation_ero21")
blend_point_2/pos = Vector2(1, 0)
blend_point_3/node = SubResource("AnimationNodeAnimation_c2xkp")
blend_point_3/pos = Vector2(-1, 0)
blend_point_4/node = SubResource("AnimationNodeAnimation_ciahj")
blend_point_4/pos = Vector2(0, 0)

[sub_resource type="AnimationNodeBlendTree" id="AnimationNodeBlendTree_qb4fj"]
graph_offset = Vector2(-414.824, 31.3677)
nodes/MoveDirection/node = SubResource("AnimationNodeBlendSpace2D_tbqon")
nodes/MoveDirection/position = Vector2(0, 140)
node_connections = [&"output", 0, &"MoveDirection"]

[node name="TestEnemy" type="CharacterBody3D" node_paths=PackedStringArray("modelAnimationTree")]
collision_layer = 4
script = ExtResource("1_wlui3")
modelAnimationTree = NodePath("AnimationTree")

[node name="CollisionShapeStanding" type="CollisionShape3D" parent="."]
transform = Transform3D(1, 0, 0, 0, 1, 0, 0, 0, 1, 0, 1, 0)
shape = SubResource("CapsuleShape3D_pqss1")

[node name="HitBox" type="Area3D" parent="."]
transform = Transform3D(1, 0, 0, 0, 1, 0, 0, 0, 1, 0, 1.47563, 0)
collision_layer = 8
collision_mask = 0
script = ExtResource("2_8n4xo")

[node name="CollisionShape3D" type="CollisionShape3D" parent="HitBox"]
transform = Transform3D(1, 0, 0, 0, 1, 0, 0, 0, 1, 0.000213623, -0.559954, 0.0114594)
shape = SubResource("BoxShape3D_1oj5o")

[node name="Robot" parent="." instance=ExtResource("4_5otkf")]
transform = Transform3D(-1, 0, -8.74228e-08, 0, 1, 0, 8.74228e-08, 0, -1, 0, 0, 0)

[node name="Robot" parent="Robot/Node" index="0"]
transform = Transform3D(1, 0, 0, 0, 1, 0, 0, 0, 1, 0, -0.125, 0)

[node name="Hip" parent="Robot/Node/Robot" index="0"]
transform = Transform3D(1, 0, 0, 0, 1, 0, 0, 0, 1, 0, 1.25, -0.125)

[node name="LeftLegUpper" parent="Robot/Node/Robot/Hip" index="1"]
transform = Transform3D(0.984808, -0.137764, -0.10571, 0.173648, 0.7813, 0.599513, 0, -0.608761, 0.793353, 0, -0.0625, 0)

[node name="LeftLegJoiner" parent="Robot/Node/Robot/Hip/LeftLegUpper" index="1"]
transform = Transform3D(1, 0, 0, 0, -4.37114e-08, -1, 0, 1, -4.37114e-08, 0.247151, -0.525831, -0.0198207)

[node name="LeftLegLower" parent="Robot/Node/Robot/Hip/LeftLegUpper/LeftLegJoiner" index="1"]
transform = Transform3D(1, 0, 0, 0, -0.258819, -0.965926, 0, 0.965926, -0.258819, 0, -0.34375, 0.0625)

[node name="LeftFoot" parent="Robot/Node/Robot/Hip/LeftLegUpper/LeftLegJoiner/LeftLegLower" index="1"]
transform = Transform3D(0.984822, -0.173566, 0.000200477, 0.160251, 0.908828, -0.385163, 0.066669, 0.379349, 0.922849, 0, 0.375, 0)

[node name="RightLegUpper" parent="Robot/Node/Robot/Hip" index="2"]
transform = Transform3D(0.984808, 0.137764, 0.10571, -0.17101, 0.875141, 0.452641, -0.0301537, -0.463841, 0.885405, 0, -0.0625, 0)

[node name="RightLegJoiner" parent="Robot/Node/Robot/Hip/RightLegUpper" index="1"]
transform = Transform3D(0.999542, 0.025504, 0.0162952, 0.0204175, -0.170788, -0.985096, -0.0223408, 0.984977, -0.171231, -0.247151, -0.525831, -0.0198207)

[node name="RightLegLower" parent="Robot/Node/Robot/Hip/RightLegUpper/RightLegJoiner" index="1"]
transform = Transform3D(0.999542, 0.00913909, -0.0288526, -0.0223409, -0.420327, -0.907097, -0.0204176, 0.907326, -0.419931, 0, -0.34375, 0.0625)

[node name="RightFoot" parent="Robot/Node/Robot/Hip/RightLegUpper/RightLegJoiner/RightLegLower" index="1"]
transform = Transform3D(0.984797, 0.150534, 0.0866856, -0.160381, 0.97963, 0.120841, -0.0667291, -0.132907, 0.98888, 0.00188168, 0.387245, -0.00166134)

[node name="Head" parent="Robot/Node/Robot/AimDirectionPivot" index="0"]
transform = Transform3D(1, 0, 0, 0, 0.999048, -0.0436194, 0, 0.0436194, 0.999048, 0, 0, 0)

[node name="PhysicsInterpolator3D" type="Node3D" parent="."]
script = ExtResource("2_pyuek")

[node name="Health" type="Node" parent="."]
script = ExtResource("4_t8nrh")
maxHealth = 10.0

[node name="OvershieldMaterialController" type="Node" parent="." node_paths=PackedStringArray("health", "animationPlayer", "shieldMeshes")]
script = ExtResource("5_ldvlv")
health = NodePath("../OvershieldHealth")
animationPlayer = NodePath("../OvershieldAnimationPlayer")
shieldMeshes = NodePath("../PhysicsInterpolator3D")

[node name="OvershieldAnimationPlayer" type="AnimationPlayer" parent="."]
libraries = {
"": SubResource("AnimationLibrary_rraee")
}

[node name="OvershieldHealth" type="Node" parent="."]
script = ExtResource("7_8yikt")
maxHealth = 25.0

[node name="AnimationTree" type="AnimationTree" parent="."]
root_node = NodePath("../Robot")
tree_root = SubResource("AnimationNodeBlendTree_qb4fj")
anim_player = NodePath("../Robot/AnimationPlayer")
parameters/MoveDirection/blend_position = Vector2(0.482871, -0.562044)

[editable path="Robot"]
