[gd_scene load_steps=13 format=3 uid="uid://cpj5rqgrsyfvm"]

[ext_resource type="Script" path="res://Scripts/Level/Level.gd" id="1_w521k"]
[ext_resource type="Material" uid="uid://bsms754sxwy0e" path="res://Prototyping/PrototypingTexture.tres" id="2_3qpr4"]
[ext_resource type="Environment" uid="uid://kooncs6pbi5u" path="res://Assets/WorldEnvironments/DefaultWorldEnvironment.tres" id="3_51m1r"]
[ext_resource type="Script" path="res://Scripts/Level/PlayerSpawn.gd" id="4_sfj05"]
[ext_resource type="PackedScene" uid="uid://qj38mu6j5wbp" path="res://Scenes/Environment/ItemPickup.tscn" id="5_s5svs"]
[ext_resource type="Resource" uid="uid://bglymodbl3n7o" path="res://Data/WeaponItem/ShortGunWeaponItem.tres" id="6_csply"]
[ext_resource type="Script" path="res://DataTypes/KeyItem.gd" id="9_avope"]
[ext_resource type="PackedScene" uid="uid://uq0dr1xpg6a5" path="res://Scenes/Environment/RollingAreaDoor.tscn" id="9_i7ops"]
[ext_resource type="PackedScene" uid="uid://cd05lf0vpso5k" path="res://Scenes/Player/Spectator.tscn" id="11_rr6r2"]

[sub_resource type="NavigationMesh" id="NavigationMesh_gv2ca"]
vertices = PackedVector3Array(-49.5, 0.5, -49.5, -49.5, 0.5, 49.5, 49.5, 0.5, 49.5, 49.5, 0.5, -49.5)
polygons = [PackedInt32Array(3, 2, 0), PackedInt32Array(0, 2, 1)]

[sub_resource type="PlaneMesh" id="PlaneMesh_8op73"]
size = Vector2(100, 100)

[sub_resource type="Resource" id="Resource_mp47a"]
script = ExtResource("9_avope")
doorKey = "door1"
name = "Door Key"

[node name="Level" type="Node3D"]
script = ExtResource("1_w521k")

[node name="Floor" type="CSGBox3D" parent="."]
transform = Transform3D(1, 0, 0, 0, 1, 0, 0, 0, 1, 0, -0.5, 0)
use_collision = true
collision_mask = 0
size = Vector3(292.5, 1, 318.25)
material = ExtResource("2_3qpr4")

[node name="DirectionalLight3D" type="DirectionalLight3D" parent="."]
transform = Transform3D(-4.53806e-08, 0.880262, 0.474488, 0.546497, -0.397366, 0.737185, 0.837461, 0.259306, -0.48106, 0, 0, 0)
shadow_enabled = true

[node name="WorldEnvironment" type="WorldEnvironment" parent="."]
environment = ExtResource("3_51m1r")

[node name="NavigationRegion3D" type="NavigationRegion3D" parent="."]
visible = false
navigation_mesh = SubResource("NavigationMesh_gv2ca")

[node name="MeshInstance3D" type="MeshInstance3D" parent="NavigationRegion3D"]
visible = false
mesh = SubResource("PlaneMesh_8op73")

[node name="Walls" type="Node3D" parent="NavigationRegion3D"]
transform = Transform3D(5, 0, 0, 0, 5, 0, 0, 0, 5, 51.7046, 0, -4.64066)

[node name="BirdCam" type="SubViewportContainer" parent="."]
anchors_preset = 1
anchor_left = 1.0
anchor_right = 1.0
offset_left = -400.0
offset_bottom = 300.0
grow_horizontal = 0
size_flags_horizontal = 0

[node name="SubViewport" type="SubViewport" parent="BirdCam"]
handle_input_locally = false
size = Vector2i(400, 300)
render_target_update_mode = 4

[node name="OverviewCamera" type="Camera3D" parent="BirdCam/SubViewport"]
transform = Transform3D(1, 0, 0, 0, 0.425463, 0.904976, 0, -0.904975, 0.425463, 0, 21.6052, 10.0797)
cull_mask = 1047557
fov = 90.0

[node name="PlayerSpawn" type="Marker3D" parent="."]
transform = Transform3D(-0.997436, 0, -0.071567, 0, 1, 0, 0.071567, 0, -0.997436, 0, 0.25, 0)
script = ExtResource("4_sfj05")

[node name="ItemPickup" parent="." instance=ExtResource("5_s5svs")]
item = ExtResource("6_csply")

[node name="RollingAreaDoor" parent="." instance=ExtResource("9_i7ops")]
transform = Transform3D(-0.707107, 0, 0.707107, 0, 1, 0, -0.707107, 0, -0.707107, -6.5, 0, 3.5)
doorKey = "door1"

[node name="Spectator" parent="." instance=ExtResource("11_rr6r2")]
transform = Transform3D(1, 0, 0, 0, 1, 0, 0, 0, 1, 0, 1.39674, 0)

[node name="ItemPickup2" parent="." instance=ExtResource("5_s5svs")]
transform = Transform3D(1, 0, 0, 0, 1, 0, 0, 0, 1, -5.75, 0, -1.37844)
item = SubResource("Resource_mp47a")
