[gd_scene load_steps=10 format=3 uid="uid://bcjon2gry5eu7"]

[ext_resource type="Script" path="res://Scripts/Level.gd" id="1_whm6x"]
[ext_resource type="Material" uid="uid://cam8okonbyq88" path="res://Prototyping/FloorMaterial.tres" id="2_sptnp"]
[ext_resource type="PackedScene" uid="uid://djrdomjwtuthy" path="res://Debug/DebugLoggerView.tscn" id="2_w354i"]
[ext_resource type="Environment" uid="uid://kooncs6pbi5u" path="res://Assets/WorldEnvironments/DefaultWorldEnvironment.tres" id="3_h1w0t"]
[ext_resource type="PackedScene" uid="uid://cpurlnxl3pclx" path="res://Scenes/Enemies/RobotWalker.tscn" id="5_jrv48"]
[ext_resource type="PackedScene" uid="uid://cd05lf0vpso5k" path="res://Prototyping/Spectator.tscn" id="6_1vsqx"]
[ext_resource type="PackedScene" uid="uid://cfqj1geth2jvq" path="res://Scenes/Effects/ExplosionEffect/ExplosionEffect.tscn" id="8_wxr7x"]

[sub_resource type="NavigationMesh" id="NavigationMesh_0av66"]
vertices = PackedVector3Array(25.705, 3.55753, -14.0506, 24.955, 3.55753, -14.0506, 24.205, 3.55753, -13.0506, 25.455, 3.05753, -11.5506, 26.705, 3.05753, -12.8006, 20.955, 6.30753, -11.5506, 22.205, 5.80753, -10.0506, 23.705, 6.05753, -11.3006, 22.455, 6.55753, -12.8006, -16.545, 0.307526, -1.80059, -16.295, 0.307526, -3.30059, -16.795, 0.307526, -3.55059, -18.295, 0.307526, -2.30059, -13.545, 0.307526, 11.6994, -13.545, 0.307526, 2.44941, -14.295, 0.307526, 2.19941, -19.295, 0.307526, -2.30059, -16.795, 0.307526, -7.05059, -15.545, 0.307526, -7.55059, -15.545, 0.307526, -11.8006, -20.045, 0.307526, -4.05059, -34.295, 0.307526, -11.8006, -34.295, 0.307526, 11.6994, -0.794998, 0.307526, 2.19941, -0.544998, 0.307526, 1.19941, -1.795, 0.307526, 0.699406, -2.545, 0.307526, 2.19941, -12.045, 0.307526, 0.699406, -1.045, 0.307526, -5.05059, -0.0449982, 0.307526, -11.8006, -14.295, 0.307526, -6.80059, -14.795, 0.307526, -3.55059, -14.295, 0.307526, -5.80059, -12.045, 0.307526, 1.69941, -1.795, 0.307526, -0.550594, -14.045, 0.307526, -2.80059, -0.0449982, 0.307526, -5.30059, 7.955, 0.307526, -0.800594, 8.205, 0.307526, -0.0505943, 8.705, 0.307526, -0.0505943, 9.455, 0.307526, -1.05059, 1.205, 0.307526, -5.05059, 4.205, 0.307526, -1.05059, 7.205, 0.307526, -1.05059, 2.205, 0.307526, -1.05059, 2.455, 0.307526, -0.0505943, 3.955, 0.307526, -0.0505943, 14.455, 0.307526, -2.05059, 17.955, 0.307526, -9.30059, 17.705, 0.307526, -11.8006, 0.705002, 0.307526, -1.05059, 19.205, 0.307526, -11.8006, 19.205, 0.307526, -10.5506, 20.455, 0.307526, -10.8006, 23.705, 0.307526, -3.30059, 23.205, 0.307526, -2.80059, 23.955, 0.307526, -2.55059, 24.955, 0.307526, -10.5506, 23.955, 0.307526, -11.3006, 23.955, 0.307526, -9.80059, 22.455, 0.307526, -6.30059, 22.455, 0.307526, -6.05059, 23.705, 0.307526, -5.80059, 23.955, 0.307526, -7.55059, 34.205, 0.307526, -11.8006, 26.955, 0.307526, -11.8006, 26.205, 0.307526, -10.5506, 23.455, 0.307526, -9.55059, 23.955, 0.307526, -0.300594, 24.705, 0.307526, -0.300594, 34.205, 0.307526, -0.800594, 19.705, 4.55753, -10.8006, 19.705, 4.80753, -11.5506, 18.455, 4.55753, -11.5506, 18.705, 4.30753, -9.55059, 20.705, 4.30753, -9.55059, 20.455, 0.307526, -2.55059, 21.205, 0.307526, -2.80059, 20.705, 0.307526, -3.30059, 21.705, 0.307526, -6.05059, 20.705, 0.307526, -7.05059, 20.955, 0.307526, -8.55059, 21.955, 0.307526, -8.80059, 21.705, 0.307526, -9.30059, 18.205, 0.307526, -8.80059, 20.705, 0.307526, -4.80059, 21.455, 0.307526, -5.05059, 14.955, 0.307526, -1.80059, 15.205, 0.307526, -0.550594, 20.455, 0.307526, -0.550594, -16.295, 3.55753, -5.30059, -15.795, 3.55753, -5.80059, -16.295, 3.55753, -6.05059, -16.795, 3.55753, -5.55059, -18.045, 3.55753, -3.80059, -17.295, 3.55753, -4.55059, -17.795, 3.55753, -4.80059, -18.545, 3.55753, -4.05059, 21.455, 8.30753, -3.30059, 21.455, 9.30753, -0.300594, 22.455, 9.30753, -0.300594, 22.455, 8.30753, -3.30059, -0.544998, 2.30753, -1.80059, -0.544998, 2.30753, -0.0505943, -0.0449982, 2.55753, -0.0505943, 21.705, 4.30753, -1.30059, 21.705, 4.05753, 0.449406, 22.205, 4.05753, 0.449406, 22.205, 4.30753, -1.30059, 21.705, 0.307526, -1.05059, 21.705, 0.307526, 1.44941, 22.455, 0.307526, 1.44941, 22.455, 0.307526, -1.05059, 24.955, 0.557526, 0.699406, 23.955, 0.807526, 0.699406, 23.955, 0.807526, 1.44941, 24.705, 0.807526, 1.69941, 24.955, 0.307526, 5.44941, 22.455, 0.307526, 11.6994, 34.205, 0.307526, 11.6994, 22.455, 0.307526, 5.69941, 9.205, 0.307526, 1.44941, 7.455, 0.307526, 4.94941, 14.455, 0.307526, 0.449406, 10.455, 0.307526, 1.44941, 7.705, 0.307526, 11.6994, 20.455, 0.307526, 5.44941, 4.205, 0.307526, 1.19941, 2.205, 0.307526, 1.19941, 3.455, 0.307526, 3.69941, 5.955, 0.307526, 5.44941, 5.205, 0.307526, 4.94941, 3.205, 0.307526, 5.44941, 2.455, 0.307526, 5.69941, 7.205, 0.307526, 5.44941, 2.455, 0.307526, 11.6994, 5.705, 0.307526, 1.19941, -2.545, 0.307526, 4.19941, -12.795, 0.307526, 2.44941, 21.455, 3.80753, 1.94941, 21.455, 3.55753, 2.94941, 22.955, 3.55753, 2.94941, 22.955, 3.80753, 1.94941, 21.455, 1.30753, 3.69941, 21.455, 1.30753, 4.69941, 23.705, 1.30753, 4.69941, 23.705, 1.30753, 3.69941)
polygons = [PackedInt32Array(1, 0, 2), PackedInt32Array(2, 0, 4), PackedInt32Array(2, 4, 3), PackedInt32Array(8, 7, 5), PackedInt32Array(5, 7, 6), PackedInt32Array(10, 9, 11), PackedInt32Array(11, 9, 12), PackedInt32Array(15, 14, 13), PackedInt32Array(12, 9, 16), PackedInt32Array(16, 9, 15), PackedInt32Array(16, 15, 13), PackedInt32Array(19, 18, 17), PackedInt32Array(16, 13, 20), PackedInt32Array(20, 13, 22), PackedInt32Array(20, 22, 21), PackedInt32Array(17, 20, 19), PackedInt32Array(19, 20, 21), PackedInt32Array(24, 23, 25), PackedInt32Array(25, 23, 26), PackedInt32Array(30, 19, 27), PackedInt32Array(27, 19, 26), PackedInt32Array(26, 19, 28), PackedInt32Array(28, 19, 29), PackedInt32Array(10, 11, 31), PackedInt32Array(31, 11, 32), PackedInt32Array(26, 33, 27), PackedInt32Array(34, 25, 26), PackedInt32Array(35, 31, 32), PackedInt32Array(32, 30, 35), PackedInt32Array(35, 30, 27), PackedInt32Array(30, 18, 19), PackedInt32Array(29, 36, 28), PackedInt32Array(26, 28, 34), PackedInt32Array(38, 37, 39), PackedInt32Array(39, 37, 40), PackedInt32Array(43, 42, 41), PackedInt32Array(45, 44, 46), PackedInt32Array(46, 44, 42), PackedInt32Array(48, 47, 49), PackedInt32Array(49, 47, 43), PackedInt32Array(49, 43, 41), PackedInt32Array(49, 41, 29), PackedInt32Array(37, 43, 40), PackedInt32Array(40, 43, 47), PackedInt32Array(44, 50, 41), PackedInt32Array(42, 44, 41), PackedInt32Array(41, 36, 29), PackedInt32Array(53, 52, 51), PackedInt32Array(56, 55, 54), PackedInt32Array(59, 58, 57), PackedInt32Array(61, 60, 62), PackedInt32Array(62, 60, 63), PackedInt32Array(66, 65, 64), PackedInt32Array(59, 63, 67), PackedInt32Array(69, 68, 56), PackedInt32Array(57, 66, 59), PackedInt32Array(59, 66, 63), PackedInt32Array(54, 62, 56), PackedInt32Array(56, 62, 63), PackedInt32Array(56, 63, 69), PackedInt32Array(69, 63, 66), PackedInt32Array(69, 66, 70), PackedInt32Array(70, 66, 64), PackedInt32Array(73, 72, 71), PackedInt32Array(73, 71, 74), PackedInt32Array(74, 71, 75), PackedInt32Array(78, 77, 76), PackedInt32Array(61, 79, 60), PackedInt32Array(60, 79, 80), PackedInt32Array(82, 81, 83), PackedInt32Array(83, 81, 84), PackedInt32Array(85, 76, 80), PackedInt32Array(80, 76, 84), PackedInt32Array(86, 85, 79), PackedInt32Array(79, 85, 80), PackedInt32Array(87, 47, 76), PackedInt32Array(76, 47, 84), PackedInt32Array(84, 47, 48), PackedInt32Array(85, 78, 76), PackedInt32Array(88, 87, 89), PackedInt32Array(89, 87, 76), PackedInt32Array(84, 81, 80), PackedInt32Array(93, 92, 90), PackedInt32Array(90, 92, 91), PackedInt32Array(97, 96, 94), PackedInt32Array(94, 96, 95), PackedInt32Array(101, 100, 98), PackedInt32Array(98, 100, 99), PackedInt32Array(104, 103, 102), PackedInt32Array(108, 107, 105), PackedInt32Array(105, 107, 106), PackedInt32Array(112, 111, 109), PackedInt32Array(109, 111, 110), PackedInt32Array(115, 114, 116), PackedInt32Array(116, 114, 113), PackedInt32Array(118, 117, 119), PackedInt32Array(119, 117, 70), PackedInt32Array(116, 113, 117), PackedInt32Array(117, 113, 70), PackedInt32Array(120, 117, 118), PackedInt32Array(113, 69, 70), PackedInt32Array(39, 121, 38), PackedInt32Array(38, 121, 122), PackedInt32Array(124, 123, 122), PackedInt32Array(122, 123, 125), PackedInt32Array(125, 123, 126), PackedInt32Array(125, 126, 118), PackedInt32Array(122, 121, 124), PackedInt32Array(88, 89, 123), PackedInt32Array(123, 89, 126), PackedInt32Array(126, 120, 118), PackedInt32Array(46, 127, 45), PackedInt32Array(45, 127, 128), PackedInt32Array(128, 127, 129), PackedInt32Array(132, 131, 133), PackedInt32Array(133, 131, 130), PackedInt32Array(24, 128, 23), PackedInt32Array(23, 128, 129), PackedInt32Array(130, 134, 133), PackedInt32Array(133, 134, 135), PackedInt32Array(135, 134, 125), PackedInt32Array(134, 122, 125), PackedInt32Array(132, 129, 131), PackedInt32Array(131, 129, 127), PackedInt32Array(131, 127, 136), PackedInt32Array(133, 135, 137), PackedInt32Array(137, 135, 33), PackedInt32Array(33, 135, 138), PackedInt32Array(138, 135, 13), PackedInt32Array(13, 14, 138), PackedInt32Array(33, 26, 137), PackedInt32Array(142, 141, 139), PackedInt32Array(139, 141, 140), PackedInt32Array(146, 145, 143), PackedInt32Array(143, 145, 144)]

[sub_resource type="PlaneMesh" id="PlaneMesh_3seve"]
size = Vector2(69.59, 24.54)

[node name="Level" type="Node3D"]
script = ExtResource("1_whm6x")

[node name="Floor" type="CSGBox3D" parent="."]
transform = Transform3D(1, 0, 0, 0, 1, 0, 0, 0, 1, 4.59111, -0.5, -0.892807)
use_collision = true
collision_mask = 0
size = Vector3(200, 1, 200)
material = ExtResource("2_sptnp")

[node name="WorldEnvironment" type="WorldEnvironment" parent="."]
environment = ExtResource("3_h1w0t")

[node name="DirectionalLight3D" type="DirectionalLight3D" parent="."]
transform = Transform3D(0.205718, -0.513575, 0.833019, 0.0266105, 0.853846, 0.519844, -0.978249, -0.0847742, 0.189318, 0, 0, 0)
layers = 3
shadow_enabled = true

[node name="DebugLoggerView" parent="." instance=ExtResource("2_w354i")]

[node name="Canyon" type="Node3D" parent="."]

[node name="CSGBox3D" type="CSGBox3D" parent="Canyon"]
transform = Transform3D(1, 0, 0, 0, 0.935308, -0.353834, 0, 0.353834, 0.935308, 0, 13.3643, 28.9214)
use_collision = true
collision_mask = 0
size = Vector3(150, 50, 1)

[node name="CSGBox3D3" type="CSGBox3D" parent="Canyon"]
transform = Transform3D(0.890245, -0.161165, -0.426017, 0, 0.935308, -0.353834, 0.455483, 0.314999, 0.832653, -77.5185, 13.3643, 20.5829)
use_collision = true
collision_mask = 0
size = Vector3(150, 75, 1)

[node name="CSGBox3D6" type="CSGBox3D" parent="Canyon"]
transform = Transform3D(0.58252, -0.287602, -0.760234, -3.0877e-10, 0.935308, -0.353834, 0.812816, 0.206116, 0.544836, -137.168, 13.3643, -14.8042)
use_collision = true
collision_mask = 0
size = Vector3(150, 75, 1)

[node name="CSGBox3D2" type="CSGBox3D" parent="Canyon"]
transform = Transform3D(1, 0, 0, 0, 0.935444, 0.353475, 0, -0.353475, 0.935444, 0, 13.3643, -25.003)
use_collision = true
collision_mask = 0
size = Vector3(150, 50, 1)

[node name="CSGBox3D4" type="CSGBox3D" parent="Canyon"]
transform = Transform3D(0.952348, 0.107815, -0.285324, 8.6417e-09, 0.935444, 0.353475, 0.305014, -0.336631, 0.890868, 77.2132, 13.3643, -19.6838)
use_collision = true
collision_mask = 0
size = Vector3(150, 50, 1)

[node name="CSGBox3D5" type="CSGBox3D" parent="Canyon"]
transform = Transform3D(0.38914, 0.325613, -0.861711, -4.48421e-10, 0.935444, 0.353475, 0.921179, -0.137551, 0.364019, 105.08, 13.3643, -1.11906)
use_collision = true
collision_mask = 0
size = Vector3(150, 50, 1)

[node name="CSGBox3D7" type="CSGBox3D" parent="Canyon"]
transform = Transform3D(0.893269, 0, -0.449522, 0, 1, 0, 0.449522, 0, 0.893269, -0.684108, 4.67331, 24.5653)
use_collision = true
collision_mask = 0
size = Vector3(20.6875, 10.3466, 16.7403)

[node name="CSGBox3D12" type="CSGBox3D" parent="Canyon"]
transform = Transform3D(0.998259, 0, -0.0589754, 0, 1, 0, 0.0589754, 0, 0.998259, -24.5268, 35.58, 33.0165)
use_collision = true
collision_mask = 0
size = Vector3(20.6875, 44.7732, 16.7403)

[node name="CSGBox3D8" type="CSGBox3D" parent="Canyon"]
transform = Transform3D(0.998853, 0, -0.047891, 0, 1, 0, 0.047891, 0, 0.998853, 17.1984, 6.82927, 23.6054)
use_collision = true
collision_mask = 0
size = Vector3(20.6875, 14.6585, 16.7403)

[node name="CSGBox3D9" type="CSGBox3D" parent="Canyon"]
transform = Transform3D(0.930373, 0, -0.366615, 0, 1, 0, 0.366615, 0, 0.930373, 38.4593, 3.70565, 25.4907)
use_collision = true
collision_mask = 0
size = Vector3(28.5948, 8.4113, 20.8946)

[node name="CSGBox3D10" type="CSGBox3D" parent="Canyon"]
transform = Transform3D(0.993592, 0, 0.11303, 0, 1, 0, -0.11303, 0, 0.993592, 65.9575, 8.23271, 29.4162)
use_collision = true
collision_mask = 0
size = Vector3(28.5948, 17.4654, 20.8946)

[node name="CSGBox3D11" type="CSGBox3D" parent="Canyon"]
transform = Transform3D(0.993592, 0, 0.11303, 0, 1, 0, -0.11303, 0, 0.993592, -22.4317, 8.23271, 29.4162)
use_collision = true
collision_mask = 0
size = Vector3(28.5948, 17.4654, 20.8946)

[node name="CSGBox3D13" type="CSGBox3D" parent="Canyon"]
transform = Transform3D(0.641101, 0, 0.767456, 0, 1, 0, -0.767456, 0, 0.641101, -44.5647, 10.7882, 18.1848)
use_collision = true
collision_mask = 0
size = Vector3(28.5948, 22.5765, 28.9175)

[node name="CSGBox3D14" type="CSGBox3D" parent="Canyon"]
transform = Transform3D(0.924799, 0, 0.380457, 0, 1, 0, -0.380457, 0, 0.924799, -66.2573, 5.01545, 22.9071)
use_collision = true
collision_mask = 0
size = Vector3(28.5948, 11.0309, 17.4871)

[node name="CSGBox3D15" type="CSGBox3D" parent="Canyon"]
transform = Transform3D(-0.623852, 0, 0.781542, 0, 1, 0, -0.781542, 0, -0.623852, -81.139, 2.8011, 12.0147)
use_collision = true
collision_mask = 0
size = Vector3(28.5948, 11.0309, 17.4871)

[node name="CSGBox3D16" type="CSGBox3D" parent="Canyon"]
transform = Transform3D(-0.623852, 0, 0.781542, 0, 1, 0, -0.781542, 0, -0.623852, -73.2385, 2.8011, -27.5965)
use_collision = true
collision_mask = 0
size = Vector3(28.5948, 11.0309, 17.4871)

[node name="CSGBox3D17" type="CSGBox3D" parent="Canyon"]
transform = Transform3D(-1, 0, 1.74344e-05, 0, 1, 0, -1.74344e-05, 0, -1, -48.1869, 13.1132, -27.5965)
use_collision = true
collision_mask = 0
size = Vector3(28.5948, 31.6551, 17.4871)

[node name="CSGBox3D18" type="CSGBox3D" parent="Canyon"]
transform = Transform3D(-0.930718, 0, -0.365738, 0, 1, 0, 0.365738, 0, -0.930718, -24.1603, 2.5714, -23.996)
use_collision = true
collision_mask = 0
size = Vector3(28.5948, 13.6415, 17.4871)

[node name="CSGBox3D19" type="CSGBox3D" parent="Canyon"]
transform = Transform3D(-0.981597, 0, 0.190963, 0, 1, 0, -0.190963, 0, -0.981597, -5.97568, 1.97798, -21.9815)
use_collision = true
collision_mask = 0
size = Vector3(28.5948, 12.4547, 17.4871)

[node name="CSGBox3D20" type="CSGBox3D" parent="Canyon"]
transform = Transform3D(-0.955803, 0, -0.294007, 0, 1, 0, 0.294007, 0, -0.955803, 8.50077, 4.02543, -23.4216)
use_collision = true
collision_mask = 0
size = Vector3(11.8669, 12.4547, 17.4871)

[node name="CSGBox3D21" type="CSGBox3D" parent="Canyon"]
transform = Transform3D(-0.99008, 0, 0.140504, 0, 1, 0, -0.140504, 0, -0.99008, 17.6763, 4.84902, -21.9548)
use_collision = true
collision_mask = 0
size = Vector3(11.8669, 14.1018, 17.4871)

[node name="CSGBox3D23" type="CSGBox3D" parent="Canyon"]
transform = Transform3D(-0.99008, 0, 0.140504, 0, 1, 0, -0.140504, 0, -0.99008, 17.8752, 21.0788, -22.7341)
use_collision = true
collision_mask = 0
size = Vector3(9.47868, 29.9165, 15.8881)

[node name="CSGBox3D24" type="CSGBox3D" parent="Canyon"]
transform = Transform3D(-0.99008, 0, 0.140504, 0.112105, 0.602818, 0.789964, -0.0846982, 0.797879, -0.596838, 17.5115, 40.5038, -22.7652)
use_collision = true
collision_mask = 0
size = Vector3(13.511, 32.1738, 15.8881)

[node name="CSGBox3D25" type="CSGBox3D" parent="Canyon"]
transform = Transform3D(-0.944809, -0.243529, 0.219158, 0.203639, 0.0874909, 0.975129, -0.256647, 0.965939, -0.03307, 18.7567, 47.146, -5.1589)
use_collision = true
collision_mask = 0
size = Vector3(9.23799, 17.4159, 7.11288)

[node name="CSGBox3D32" type="CSGBox3D" parent="Canyon"]
transform = Transform3D(1, 0, 0, 0, 1, 0, 0, 0, 1, 62.8209, 3.71157, 14.4784)
use_collision = true
collision_mask = 0
size = Vector3(41.9016, 10.858, 29.2515)
material = ExtResource("2_sptnp")

[node name="CSGBox3D36" type="CSGBox3D" parent="Canyon"]
transform = Transform3D(1, 0, 0, 0, 1, 0, 0, 0, 1, 66.3811, 2.5859, -9.58236)
use_collision = true
collision_mask = 0
size = Vector3(32.3372, 10.858, 29.2515)
material = ExtResource("2_sptnp")

[node name="CSGBox3D37" type="CSGBox3D" parent="Canyon"]
transform = Transform3D(1, 0, 0, 0, 1, 0, 0, 0, 1, 109.555, 3.8359, 19.3722)
use_collision = true
collision_mask = 0
size = Vector3(57.4224, 10.858, 77.5031)
material = ExtResource("2_sptnp")

[node name="CSGBox3D33" type="CSGBox3D" parent="Canyon"]
transform = Transform3D(0.984635, -0.174628, 0, 0.174628, 0.984635, 0, 0, 0, 1, 43.9922, 1.07002, -8.22804)
use_collision = true
collision_mask = 0
size = Vector3(17.8198, 10.4047, 29.2515)
material = ExtResource("2_sptnp")

[node name="CSGBox3D34" type="CSGBox3D" parent="Canyon"]
transform = Transform3D(0.956874, -0.290502, 0, 0.290502, 0.956874, 0, 0, 0, 1, 40.8704, -1.45046, 6.7731)
use_collision = true
collision_mask = 0
size = Vector3(12.1267, 10.858, 29.2515)
material = ExtResource("2_sptnp")

[node name="CSGBox3D35" type="CSGBox3D" parent="Canyon"]
transform = Transform3D(0.968305, -0.249772, 0, 0.249772, 0.968305, 0, 0, 0, 1, 34.3189, -3.44025, 0.389341)
use_collision = true
collision_mask = 0
size = Vector3(15.1151, 10.858, 34.9451)
material = ExtResource("2_sptnp")

[node name="CSGBox3D22" type="CSGBox3D" parent="Canyon"]
transform = Transform3D(-0.651556, 0, 0.758601, 0, 1, 0, -0.758601, 0, -0.651556, 27.9772, 3.7024, -23.7443)
use_collision = true
collision_mask = 0
size = Vector3(11.8669, 11.8086, 17.4871)

[node name="NavigationRegion3D" type="NavigationRegion3D" parent="."]
transform = Transform3D(1, 0, 0, 0, 1, 0, 0, 0, 1, 0, -0.109311, 0)
navigation_mesh = SubResource("NavigationMesh_0av66")

[node name="MeshInstance3D" type="MeshInstance3D" parent="NavigationRegion3D"]
mesh = SubResource("PlaneMesh_3seve")

[node name="Obstructions" type="Node3D" parent="NavigationRegion3D"]
transform = Transform3D(1, 0, 0, 0, 1, 0, 0, 0, 1, 12.4438, 0.109311, 0)

[node name="CSGBox3D" type="CSGBox3D" parent="NavigationRegion3D/Obstructions"]
transform = Transform3D(1, 0, 0, 0, 1, 0, 0, 0, 1, 10.098, 0.174604, 3.47347)
use_collision = true
collision_mask = 0
size = Vector3(3.02002, 1.36707, 3.03201)

[node name="CSGBox3D3" type="CSGBox3D" parent="NavigationRegion3D/Obstructions"]
transform = Transform3D(0.906762, -0.418305, 0.0529592, 0.360583, 0.83441, 0.416822, -0.218548, -0.358862, 0.907444, 9.5966, 0.324073, -3.65083)
use_collision = true
collision_mask = 0
size = Vector3(0.553101, 2.26215, 0.745735)

[node name="CSGBox3D4" type="CSGBox3D" parent="NavigationRegion3D/Obstructions"]
transform = Transform3D(-0.0507178, -0.155392, 0.98655, -0.387609, -0.907327, -0.16284, 0.920427, -0.390655, -0.0142137, 10.2058, 0.836184, -4.57581)
use_collision = true
collision_mask = 0
size = Vector3(1.17642, 3.35747, 0.745735)

[node name="CSGBox3D5" type="CSGBox3D" parent="NavigationRegion3D/Obstructions"]
transform = Transform3D(-0.917896, 0.238071, 0.317472, 0.319853, 0.91739, 0.236833, -0.234863, 0.318932, -0.918217, 9.34072, 0.0354985, -7.67852)
use_collision = true
collision_mask = 0
size = Vector3(0.553101, 1.63303, 0.745735)

[node name="CSGBox3D6" type="CSGBox3D" parent="NavigationRegion3D/Obstructions"]
transform = Transform3D(-0.386689, 0.354595, -0.851313, 0.319853, 0.91739, 0.236833, 0.864966, -0.180714, -0.468163, 10.0516, 0.447944, -7.83544)
use_collision = true
collision_mask = 0
size = Vector3(0.983704, 2.38206, 0.745735)

[node name="CSGBox3D2" type="CSGBox3D" parent="NavigationRegion3D/Obstructions"]
transform = Transform3D(0.972133, 0.23443, 0, -0.23443, 0.972133, 0, 0, 0, 1, 12.0617, -0.492602, 2.60354)
use_collision = true
collision_mask = 0
size = Vector3(3.02002, 1.36707, 4.64985)

[node name="CSGBox3D26" type="CSGBox3D" parent="NavigationRegion3D/Obstructions"]
transform = Transform3D(0.999782, 0.00728524, 0.019574, 0.0168555, 0.271981, -0.962155, -0.0123333, 0.962275, 0.271799, 9.60696, 3.09465, -0.410112)
use_collision = true
collision_mask = 0
size = Vector3(1.84465, 3.85152, 10.616)

[node name="CSGBox3D27" type="CSGBox3D" parent="NavigationRegion3D/Obstructions"]
transform = Transform3D(1, 0, 0, 0, 0.987625, -0.156831, 0, 0.156831, 0.987626, 9.71203, 1.26993, 0.498964)
use_collision = true
collision_mask = 0
size = Vector3(2.39184, 4.36804, 4.92941)

[node name="CSGBox3D28" type="CSGBox3D" parent="NavigationRegion3D/Obstructions"]
transform = Transform3D(-0.73516, 0.0826174, 0.67284, 0.319853, 0.91739, 0.236833, -0.597691, 0.38932, -0.700854, 9.96471, 1.36178, -10.5541)
use_collision = true
collision_mask = 0
size = Vector3(1.43216, 4.02416, 1.4964)

[node name="CSGBox3D29" type="CSGBox3D" parent="NavigationRegion3D/Obstructions"]
transform = Transform3D(-0.73516, 0.0826174, 0.67284, 0.222493, 0.966969, 0.124368, -0.640341, 0.241133, -0.729259, 9.62663, 1.952, -12.2956)
use_collision = true
collision_mask = 0
size = Vector3(2.81178, 7.4339, 2.83133)

[node name="CSGBox3D30" type="CSGBox3D" parent="NavigationRegion3D/Obstructions"]
transform = Transform3D(-0.102914, -0.103559, 0.989285, 0.222493, 0.966969, 0.124368, -0.969487, 0.232909, -0.0764731, 7.37687, 1.15168, -11.2079)
use_collision = true
collision_mask = 0
size = Vector3(2.81178, 5.77859, 2.83133)

[node name="CSGBox3D31" type="CSGBox3D" parent="NavigationRegion3D/Obstructions"]
transform = Transform3D(-0.813185, 0.113695, 0.570792, 0.222493, 0.966969, 0.124368, -0.537798, 0.228132, -0.811621, 12.7235, 0.561605, -13.3756)
use_collision = true
collision_mask = 0
size = Vector3(2.81178, 4.55812, 2.83133)

[node name="CSGBox3D7" type="CSGBox3D" parent="NavigationRegion3D/Obstructions"]
transform = Transform3D(1, 0, 0, 0, 1, 0, 0, 0, 1, -6.71934, 0.833252, 0)
use_collision = true
collision_mask = 0
size = Vector3(2.18457, 2.6665, 1)

[node name="CSGBox3D8" type="CSGBox3D" parent="NavigationRegion3D/Obstructions"]
transform = Transform3D(1, 0, 0, 0, 1, 0, 0, 0, 1, -11.6134, 0.833252, 0)
use_collision = true
collision_mask = 0
size = Vector3(2.18457, 2.6665, 1)

[node name="CSGBox3D9" type="CSGBox3D" parent="NavigationRegion3D/Obstructions"]
transform = Transform3D(0.144857, 0, 0.989453, 0, 1, 0, -0.989453, 0, 0.144857, -12.6947, 0.575191, -2.11326)
use_collision = true
collision_mask = 0
size = Vector3(5.0415, 2.6665, 1)

[node name="CSGBox3D10" type="CSGBox3D" parent="NavigationRegion3D/Obstructions"]
transform = Transform3D(0.144857, 0, 0.989453, 0, 1, 0, -0.989453, 0, 0.144857, -5.79887, 1.14709, 2.21248)
use_collision = true
collision_mask = 0
size = Vector3(5.0415, 3.8103, 1)

[node name="CSGBox3D11" type="CSGBox3D" parent="NavigationRegion3D/Obstructions"]
transform = Transform3D(0.144857, 0, 0.989453, 0, 1, 0, -0.989453, 0, 0.144857, -5.79887, 1.14709, 2.21248)
use_collision = true
collision_mask = 0
size = Vector3(5.0415, 3.8103, 1)

[node name="CSGBox3D14" type="CSGBox3D" parent="NavigationRegion3D/Obstructions"]
transform = Transform3D(0.762804, 0, 0.64663, 0, 1, 0, -0.64663, 0, 0.762804, -29.58, 1.14709, -4.96695)
use_collision = true
collision_mask = 0
size = Vector3(5.0415, 3.8103, 1)

[node name="CSGBox3D15" type="CSGBox3D" parent="NavigationRegion3D/Obstructions"]
transform = Transform3D(-0.506636, 0, 0.862161, 0, 1, 0, -0.862161, 0, -0.506636, -26.7574, 1.14709, -0.519271)
use_collision = true
collision_mask = 0
size = Vector3(5.0415, 3.8103, 1)

[node name="CSGBox3D12" type="CSGBox3D" parent="NavigationRegion3D/Obstructions"]
transform = Transform3D(0.960167, 0, -0.279427, 0, 1, 0, 0.279427, 0, 0.960167, -12.162, 1.14709, 3.77828)
use_collision = true
collision_mask = 0
size = Vector3(5.0415, 3.8103, 1)

[node name="CSGBox3D13" type="CSGBox3D" parent="NavigationRegion3D/Obstructions"]
transform = Transform3D(0.969033, 0, 0.246931, 0, 1, 0, -0.246931, 0, 0.969033, -0.489732, 1.14709, -0.306186)
use_collision = true
collision_mask = 0
size = Vector3(5.0415, 3.8103, 1)

[node name="BirdCam" type="SubViewportContainer" parent="."]
anchors_preset = 1
anchor_left = 1.0
anchor_right = 1.0
offset_left = -400.0
offset_bottom = 300.0
grow_horizontal = 0
size_flags_horizontal = 0

[node name="SubViewport" type="SubViewport" parent="BirdCam"]
handle_input_locally = false
size = Vector2i(400, 300)
render_target_update_mode = 4

[node name="OverviewCamera" type="Camera3D" parent="BirdCam/SubViewport"]
transform = Transform3D(1, 0, 0, 0, -4.37114e-08, 1, 0, -1, -4.37114e-08, -6.31575, 18.19, 0)
cull_mask = 1047557
fov = 90.0

[node name="RobotWalker" parent="." instance=ExtResource("5_jrv48")]
transform = Transform3D(-0.431078, 0, -0.902315, 0, 1, 0, 0.902315, 0, -0.431078, -31.5819, -1.90735e-06, -4.57183)

[node name="CinemaCharacter" parent="." instance=ExtResource("6_1vsqx")]
transform = Transform3D(0.487098, 0.246758, -0.837763, 0, 0.959255, 0.282542, 0.873348, -0.137626, 0.467251, -28.0545, 5.24135, 0)

[node name="RobotWalker2" parent="." instance=ExtResource("5_jrv48")]
transform = Transform3D(-0.326888, 0, -0.945063, 0, 1, 0, 0.945063, 0, -0.326888, -31.1415, 0, -8.40466)

[node name="ExplosionEffect" parent="." instance=ExtResource("8_wxr7x")]
transform = Transform3D(1, 0, 0, 0, 1, 0, 0, 0, 1, -31.5834, 1.41436, -4.56435)
