[gd_scene load_steps=30 format=3 uid="uid://cpurlnxl3pclx"]

[ext_resource type="Script" path="res://Scripts/Character.gd" id="1_t215t"]
[ext_resource type="Script" path="res://Scripts/EnemyControllers/RobotWalker/RobotWalkerController.gd" id="2_4sat2"]
[ext_resource type="Script" path="res://Scripts/Player/CharacterStateManager.gd" id="3_nv3fu"]
[ext_resource type="Script" path="res://Scripts/CharacterStates/CharacterStateDefault.gd" id="4_a0gpi"]
[ext_resource type="Script" path="res://Scripts/CharacterStates/CharacterStateInAir.gd" id="5_wviwu"]
[ext_resource type="Script" path="res://Scripts/CharacterStates/CharacterStateJumping.gd" id="6_w4vp6"]
[ext_resource type="Script" path="res://Scripts/Components/PhysicsInterpolator3D.gd" id="7_34icv"]
[ext_resource type="PackedScene" uid="uid://lyhl4aumierc" path="res://Assets/Models/Robot/Robot.tscn" id="8_8vwp4"]
[ext_resource type="Script" path="res://Scripts/Components/Health.gd" id="9_gli1f"]
[ext_resource type="PackedScene" uid="uid://bxo34hdcbnrh6" path="res://Scenes/Overshield.tscn" id="10_hrsr4"]
[ext_resource type="Script" path="res://Scripts/EnemyControllers/RobotWalker/RobotWalkerAnimationController.gd" id="11_8pn5y"]
[ext_resource type="Script" path="res://Scripts/BehaviorTree/BehaviorTree.gd" id="12_yuoqv"]
[ext_resource type="Script" path="res://Scripts/BehaviorTree/Composite/BTSelector.gd" id="13_7n237"]
[ext_resource type="Script" path="res://Scripts/BehaviorTree/Tasks/BTChaseTask.gd" id="14_8goal"]
[ext_resource type="Script" path="res://Scripts/BehaviorTree/Composite/BTSequencer.gd" id="14_djmc6"]
[ext_resource type="Script" path="res://Scripts/BehaviorTree/Conditions/BTHasTargetCondition.gd" id="15_o0jy5"]
[ext_resource type="Script" path="res://Scripts/BehaviorTree/Decorators/BTInverter.gd" id="16_7arpo"]
[ext_resource type="Script" path="res://Scripts/BehaviorTree/Conditions/BTTargetWithinRangeCondition.gd" id="17_lw5vn"]
[ext_resource type="Script" path="res://Scripts/BehaviorTree/Tasks/BTFleeTask.gd" id="19_g1he5"]
[ext_resource type="Script" path="res://Scripts/BehaviorTree/Tasks/BTStrafe.gd" id="20_tog0y"]

[sub_resource type="CapsuleShape3D" id="CapsuleShape3D_uc3a3"]
radius = 0.75
height = 1.75

[sub_resource type="AnimationNodeAnimation" id="AnimationNodeAnimation_tqveb"]
animation = &"walk_backward"

[sub_resource type="AnimationNodeAnimation" id="AnimationNodeAnimation_8btl4"]
animation = &"walk_forward"

[sub_resource type="AnimationNodeAnimation" id="AnimationNodeAnimation_y7noj"]
animation = &"walk_right"

[sub_resource type="AnimationNodeAnimation" id="AnimationNodeAnimation_20il0"]
animation = &"walk_left"

[sub_resource type="AnimationNodeAnimation" id="AnimationNodeAnimation_dce72"]
animation = &"default"

[sub_resource type="AnimationNodeBlendSpace2D" id="AnimationNodeBlendSpace2D_tbqon"]
blend_point_0/node = SubResource("AnimationNodeAnimation_tqveb")
blend_point_0/pos = Vector2(0, 1)
blend_point_1/node = SubResource("AnimationNodeAnimation_8btl4")
blend_point_1/pos = Vector2(0, -1)
blend_point_2/node = SubResource("AnimationNodeAnimation_y7noj")
blend_point_2/pos = Vector2(1, 0)
blend_point_3/node = SubResource("AnimationNodeAnimation_20il0")
blend_point_3/pos = Vector2(-1, 0)
blend_point_4/node = SubResource("AnimationNodeAnimation_dce72")
blend_point_4/pos = Vector2(0, 0)

[sub_resource type="AnimationNodeTimeScale" id="AnimationNodeTimeScale_3pyu0"]

[sub_resource type="AnimationNodeBlendTree" id="AnimationNodeBlendTree_a540e"]
graph_offset = Vector2(-394, 56)
nodes/MoveDirection/node = SubResource("AnimationNodeBlendSpace2D_tbqon")
nodes/MoveDirection/position = Vector2(0, 140)
nodes/TimeScale/node = SubResource("AnimationNodeTimeScale_3pyu0")
nodes/TimeScale/position = Vector2(200, 140)
nodes/output/position = Vector2(380, 180)
node_connections = [&"TimeScale", 0, &"MoveDirection", &"output", 0, &"TimeScale"]

[node name="RobotWalker" type="CharacterBody3D"]
collision_layer = 4
script = ExtResource("1_t215t")
headHeight = 1.25

[node name="RobotWalkerController" type="Node" parent="." node_paths=PackedStringArray("navAgent")]
script = ExtResource("2_4sat2")
navAgent = NodePath("../NavigationAgent3D")

[node name="CharacterStateManager" type="Node" parent="." node_paths=PackedStringArray("stateDefault", "stateJumping", "stateInAir")]
script = ExtResource("3_nv3fu")
enableLogging = true
loggerCategory = "RobotWalker:StateManager:State"
stateDefault = NodePath("CharacterStateDefault")
stateJumping = NodePath("CharacterStateJumping")
stateInAir = NodePath("CharacterStateInAir")

[node name="CharacterStateDefault" type="Node" parent="CharacterStateManager"]
script = ExtResource("4_a0gpi")
acceleration = 45.0
maxSpeed = 1.75
maxSpeedEnforcement = 12.0
friction = 25.0

[node name="CharacterStateInAir" type="Node" parent="CharacterStateManager"]
script = ExtResource("5_wviwu")

[node name="CharacterStateJumping" type="Node" parent="CharacterStateManager"]
script = ExtResource("6_w4vp6")

[node name="PhysicsInterpolator3D" type="Node3D" parent="."]
script = ExtResource("7_34icv")

[node name="Robot" parent="PhysicsInterpolator3D" instance=ExtResource("8_8vwp4")]

[node name="LeftLegUpper" parent="PhysicsInterpolator3D/Robot/Node/Robot/Hip" index="0"]
transform = Transform3D(0.984808, -0.137764, -0.10571, 0.173648, 0.7813, 0.599513, 0, -0.608761, 0.793354, 0, -0.0625, 0)

[node name="LeftLegJoiner" parent="PhysicsInterpolator3D/Robot/Node/Robot/Hip/LeftLegUpper" index="0"]
transform = Transform3D(1, 0, 0, 0, -4.37114e-08, -1, 0, 1, -4.37114e-08, 0.247151, -0.525831, -0.0198207)

[node name="LeftLegLower" parent="PhysicsInterpolator3D/Robot/Node/Robot/Hip/LeftLegUpper/LeftLegJoiner" index="0"]
transform = Transform3D(1, 0, 0, 0, -0.258819, -0.965926, 0, 0.965926, -0.258819, 0, -0.34375, 0.0625)

[node name="LeftFoot" parent="PhysicsInterpolator3D/Robot/Node/Robot/Hip/LeftLegUpper/LeftLegJoiner/LeftLegLower" index="0"]
transform = Transform3D(0.984822, -0.173566, 0.000200477, 0.160251, 0.908829, -0.385163, 0.066669, 0.379349, 0.922849, 0, 0.375, 0)

[node name="RightLegUpper" parent="PhysicsInterpolator3D/Robot/Node/Robot/Hip" index="1"]
transform = Transform3D(0.984808, 0.137764, 0.10571, -0.17101, 0.875141, 0.452641, -0.0301537, -0.463842, 0.885405, 0, -0.0625, 0)

[node name="RightLegJoiner" parent="PhysicsInterpolator3D/Robot/Node/Robot/Hip/RightLegUpper" index="0"]
transform = Transform3D(0.999542, 0.025504, 0.0162952, 0.0204175, -0.170788, -0.985096, -0.0223408, 0.984978, -0.171231, -0.247151, -0.525831, -0.0198207)

[node name="RightLegLower" parent="PhysicsInterpolator3D/Robot/Node/Robot/Hip/RightLegUpper/RightLegJoiner" index="0"]
transform = Transform3D(0.999542, 0.00913909, -0.0288526, -0.0223409, -0.420328, -0.907097, -0.0204176, 0.907326, -0.419931, 0, -0.34375, 0.0625)

[node name="RightFoot" parent="PhysicsInterpolator3D/Robot/Node/Robot/Hip/RightLegUpper/RightLegJoiner/RightLegLower" index="0"]
transform = Transform3D(0.984797, 0.150534, 0.0866856, -0.160381, 0.97963, 0.120841, -0.0667291, -0.132907, 0.988879, 0.00188168, 0.387245, -0.00166134)

[node name="Head" parent="PhysicsInterpolator3D/Robot/Node/Robot/AimDirectionPivot" index="0"]
transform = Transform3D(1, 0, 0, 0, 0.999048, -0.0436194, 0, 0.0436194, 0.999048, 0, 0, 0)

[node name="CollisionShape3D" type="CollisionShape3D" parent="."]
transform = Transform3D(1, 0, 0, 0, 1, 0, 0, 0, 1, 0, 0.875, 0)
shape = SubResource("CapsuleShape3D_uc3a3")

[node name="Health" type="Node" parent="."]
script = ExtResource("9_gli1f")

[node name="OvershieldHealth" parent="." instance=ExtResource("10_hrsr4")]

[node name="OvershieldMaterialController" parent="OvershieldHealth" index="1" node_paths=PackedStringArray("shieldMeshes")]
shieldMeshes = NodePath("../../PhysicsInterpolator3D/Robot/Node/Robot")

[node name="AnimationTree" type="AnimationTree" parent="."]
root_node = NodePath("../PhysicsInterpolator3D/Robot")
tree_root = SubResource("AnimationNodeBlendTree_a540e")
anim_player = NodePath("../PhysicsInterpolator3D/Robot/AnimationPlayer")
parameters/MoveDirection/blend_position = Vector2(0, 0)
parameters/TimeScale/scale = 1.0

[node name="RobotWalkerAnimationController" type="Node" parent="." node_paths=PackedStringArray("modelAnimationTree", "aimPivot")]
script = ExtResource("11_8pn5y")
modelAnimationTree = NodePath("../AnimationTree")
aimPivot = NodePath("../PhysicsInterpolator3D/Robot/Node/Robot/AimDirectionPivot")

[node name="NavigationAgent3D" type="NavigationAgent3D" parent="."]

[node name="BehaviorTree" type="Node" parent="."]
script = ExtResource("12_yuoqv")

[node name="BTSelector" type="Node" parent="BehaviorTree"]
script = ExtResource("13_7n237")

[node name="BTSequencer" type="Node" parent="BehaviorTree/BTSelector"]
script = ExtResource("14_djmc6")

[node name="BTHasTargetCondition" type="Node" parent="BehaviorTree/BTSelector/BTSequencer"]
script = ExtResource("15_o0jy5")

[node name="BTSelector" type="Node" parent="BehaviorTree/BTSelector/BTSequencer"]
script = ExtResource("13_7n237")

[node name="BTSequencer" type="Node" parent="BehaviorTree/BTSelector/BTSequencer/BTSelector"]
script = ExtResource("14_djmc6")

[node name="BTInverter" type="Node" parent="BehaviorTree/BTSelector/BTSequencer/BTSelector/BTSequencer"]
script = ExtResource("16_7arpo")

[node name="BTTargetWithinRangeCondition" type="Node" parent="BehaviorTree/BTSelector/BTSequencer/BTSelector/BTSequencer/BTInverter"]
script = ExtResource("17_lw5vn")

[node name="BTChaseTask" type="Node" parent="BehaviorTree/BTSelector/BTSequencer/BTSelector/BTSequencer"]
script = ExtResource("14_8goal")

[node name="BTSequencer2" type="Node" parent="BehaviorTree/BTSelector/BTSequencer/BTSelector"]
script = ExtResource("14_djmc6")

[node name="BTTargetWithinRangeCondition" type="Node" parent="BehaviorTree/BTSelector/BTSequencer/BTSelector/BTSequencer2"]
script = ExtResource("17_lw5vn")
targetDistance = 7.5

[node name="BTFleeTask" type="Node" parent="BehaviorTree/BTSelector/BTSequencer/BTSelector/BTSequencer2"]
script = ExtResource("19_g1he5")

[node name="BTStrafe" type="Node" parent="BehaviorTree/BTSelector/BTSequencer/BTSelector"]
script = ExtResource("20_tog0y")

[editable path="PhysicsInterpolator3D/Robot"]
[editable path="OvershieldHealth"]
